00,segment-1024360143612057520_3580_000_3600_000_with_camera_labels,0,199
01,segment-1071392229495085036_1844_790_1864_790_with_camera_labels,0,199
02,segment-1105338229944737854_1280_000_1300_000_with_camera_labels,0,199
03,segment-10203656353524179475_7625_000_7645_000_with_camera_labels,0,199
04,segment-10247954040621004675_2180_000_2200_000_with_camera_labels,0,199
05,segment-10289507859301986274_4200_000_4220_000_with_camera_labels,0,199
06,segment-10335539493577748957_1372_870_1392_870_with_camera_labels,0,199
07,segment-10359308928573410754_720_000_740_000_with_camera_labels,0,199
08,segment-10448102132863604198_472_000_492_000_with_camera_labels,0,199
09,segment-10689101165701914459_2072_300_2092_300_with_camera_labels,0,199
10,segment-10837554759555844344_6525_000_6545_000_with_camera_labels,0,199
11,segment-10868756386479184868_3000_000_3020_000_with_camera_labels,0,199
12,segment-11037651371539287009_77_670_97_670_with_camera_labels,0,199
13,segment-11048712972908676520_545_000_565_000_with_camera_labels,0,199
14,segment-11356601648124485814_409_000_429_000_with_camera_labels,0,199
15,segment-11387395026864348975_3820_000_3840_000_with_camera_labels,0,199
16,segment-11406166561185637285_1753_750_1773_750_with_camera_labels,0,199
17,segment-11434627589960744626_4829_660_4849_660_with_camera_labels,0,199
18,segment-11450298750351730790_1431_750_1451_750_with_camera_labels,0,199
19,segment-11616035176233595745_3548_820_3568_820_with_camera_labels,0,199
20,segment-11660186733224028707_420_000_440_000_with_camera_labels,0,199
21,segment-11901761444769610243_556_000_576_000_with_camera_labels,0,199
22,segment-12102100359426069856_3931_470_3951_470_with_camera_labels,0,199
23,segment-12134738431513647889_3118_000_3138_000_with_camera_labels,0,199
24,segment-12306251798468767010_560_000_580_000_with_camera_labels,0,199